         ps       /blackjack_tb/dut/bj/ctrl/current_state    
          delta                                              
          0  +0                                         0 
      10000  +1                                         1 
      30000  +1                                         2 
      50000  +1                                         3 
      70000  +1                                         4 
      90000  +1                                         5 
 2097177000  +1                                         0 
 4194347000  +1                                         1 
 4194349000  +1                                         2 
 4194351000  +1                                         3 
 4194353000  +1                                         4 
 4194355000  +1                                         5 
 4194381000  +1                                         8 
 4194383000  +1                                         a 
 4194385000  +1                                         c 
 6292145000  +1                                         0 
 8389315000  +1                                         1 
 8389317000  +1                                         2 
 8389319000  +1                                         3 
 8389321000  +1                                         4 
 8389323000  +1                                         5 
 1048650500  +1                                         6 
 1258367300  +1                                         5 
 1258367500  +1                                         a 
 1258367700  +1                                         c 
 1468146100  +1                                         0 
 1677863100  +1                                         1 
 1677863300  +1                                         2 
 1677863500  +1                                         3 
 1677863700  +1                                         4 
 1677863900  +1                                         5 
 1887582100  +1                                         6 
 2097298900  +1                                         5 
 2097299100  +1                                         a 
 2097299300  +1                                         c 
 2726512500  +1                                         0 
 2936229500  +1                                         1 
 2936229700  +1                                         2 
 2936229900  +1                                         3 
 2936230100  +1                                         4 
 2936230300  +1                                         5 
 3145948500  +1                                         6 
 3355665300  +1                                         5 
 3565383300  +1                                         6 
 3775100100  +1                                         5 
 3775100300  +1                                         a 
 3775100500  +1                                         c 
 4404301900  +1                                         0 
 4614018900  +1                                         1 
 4614019100  +1                                         2 
 4614019300  +1                                         3 
 4614019500  +1                                         4 
 4614019700  +1                                         5 
 4823737900  +1                                         6 
 5033454700  +1                                         5 
 5033454900  +1                                         a 
 5033455100  +1                                         c 
 7130677100  +1                                         0 
 7340394100  +1                                         1 
 7340394300  +1                                         2 
 7340394500  +1                                         3 
 7340394700  +1                                         4 
 7340394900  +1                                         5 
 7340397500  +1                                         8 
 7340397700  +1                                         9 
 7340397900  +1                                         8 
 7340398100  +1                                         a 
 7340398300  +1                                         b 
